9.064683076360588
25.763851582541864
36.282270205308066
-2.34649336854889
31.13022832595814
17.494258238171945
12.128779230328457
26.45891602520089
32.05932800803779
35.52903810945247
10.717407451400172
20.280657890745445
28.71136616057153
12.02444501705964
30.57321537085976
33.02183617421434
6.723324005309228
8.128851535255247
28.873573003576855
29.420694730775192
15.564778577458751
20.612243550242503
5.037266996378545
3.190051043950165
15.032482149238504
12.746049482849196
22.15358223992842
27.612742273082198
7.417132388590246
9.43429858244962
37.55175873405306
27.499214749487614
29.73913945228095
14.907586735340143
27.579570277519505
28.018873570267058
34.951802072816065
9.785808650258007
12.778075431334104
8.084701715148663
34.448920225075156
5.778972946711269
29.573071503197134
18.087220449258098
28.78612406097915
5.404466982210429
25.732441931443322
39.44011757504111
15.598362994466317
13.151858458852404
21.974564330360124
34.90894925519937
5.930403750867103
28.366818936191006
13.320426337566794
11.305684282202979
8.540240354855069
29.111081004470503
29.466269166348606
32.32942651985055
7.466687248544298
20.45874273190111
25.25640759028563
17.22901135780348
32.11856536872198
7.4339843009046565
23.537659547277077
32.39029713272959
30.93153918110022
34.84640931137524
30.239378273526277
28.895712002599808
9.189667697495814
29.423961940991234
27.475404764094307
21.837724124671283
31.19062107490819
16.674031535699278
13.572771220070797
2.444455950525688
21.307415487845958
1.7705866927014373
26.592249426888618
30.389835517704995
16.118393426474928
9.222110721547956
31.89211277723572
11.776965974070512
7.510435204132264
0.3996605661065704
33.97674861613256
31.23557059882967
12.422603412483358
26.232687076207288
8.57481966889612
29.534142543788132
27.26062879175983
4.719529252127169
8.273573239925119
11.433780345048419
30.84029641101333
11.18929544039788
9.675337302065431
32.83523444175612
29.97384325296876
35.3183267764348
26.801386668117424
10.566326497870266
4.9429388771281175
33.67078844327816
14.995488482933387
33.375505669300495
9.527632958939076
12.99676821967382
28.64521439153377
16.599661604262216
5.191250531105653
21.789732658537798
31.561695658084528
31.487602921306003
7.012104868324132
4.622530310714877
8.892297994231164
29.705645033460346
20.305851703093616
30.866198371270713
0.6800275359387502
11.552699110762108
11.862550738528371
12.580161826759394
32.20084763952859
15.083541692086255
34.4245125618829
20.37364614455049
23.132359478779904
20.47207403666848
13.026561030102691
31.561542510086397
31.61131408792449
28.78401316323287
13.268699175644457
9.319422949049883
12.655283552345189
24.31066362773784
13.458845072586046
3.439551277264396
27.818816121168577
13.770192226475906
24.86811545474053
1.130484293170145
32.17329818119805
26.765777314255793
6.855136938009879
13.608696225109412
25.901524687783382
32.72968912867098
23.801397221668584
31.46384039246308
16.67256526308511
30.335490275861876
30.44150481221194
29.895994333313258
7.9235711286788515
27.58317443880449
5.988927359390078
31.977648898684773
30.66642789125771
32.84816846889592
28.484702168878574
22.589267980780647
15.569469914936654
5.743483590135715
4.177724714659867
8.180527042248581
30.729656351636446
29.83048849922816
29.8835640203205
1.5846215903936454
33.00459927722729
4.888967157053262
7.8995726513715665
34.10780560545247
7.226930499273637
25.13073950352245
29.27417894000479
26.103369963843917
23.04965772796726
16.666847013056525
40.73570004444428
33.36949804021869
24.19972836902774
5.971954737075568
3.510215344819799
13.61736589308024
34.22114196788357
9.076270982111128
8.178146813348793
5.375338356586248
33.866497241181406
30.881922555299013
18.740976736552668
14.785773619077085
30.733671231158795
35.22960963274271
29.943958208083366
30.825877176699727
36.63580486209559
30.259514455666675
15.035541399174251
33.19159352512949
11.703370071228244
37.668137098889424
34.88160364771401
35.74810844318236
26.55611891159461
29.34153895547909
24.053537936840215
28.333531451831643
8.235453925740961
11.653755662301155
10.243409724025243
12.289816536801974
7.752165684816521
6.583284082427019
3.183099993078578
29.809419600392356
14.464940988129205
26.010352209435272
27.797615284924703
10.142981683160249
33.813307695396894
25.19233275993714
34.76472771868233
14.327112169592732
26.932661982317512
6.085117863527686
34.10509927920555
10.58040025209148
15.145610716719382
13.749450437513957
25.946382366114186
8.177950228929685
12.900202747601412
28.369597765714182
14.963406400788758
34.20508729821529
4.918589341141511
28.667209083511295
9.306784438761134
23.081866774569153
24.620849538359067
17.31917286816224
18.96884544344085
3.3312875966974893
11.494833208876056
37.17072804063532
31.769659020365534
9.451564196802241
33.608547761292016
29.199506931861862
-0.47397358313366666
30.155524622044723
10.168302450742456
19.25774005534229
37.18942352510306
33.38758687978104
28.29200250991356
8.908844467944936
9.427886442283212
28.802962593777156
32.71403462021167
30.679002880971087
17.005518871616893
14.77750640693312
30.58241624187514
21.30442539984217
14.049838428347037
7.358546019394009
14.117505384608176
13.13935677142413
11.599346933480664
-3.756937775406332
33.7501288989344
7.585052960516604
13.046182398811647
3.7197192035502002
11.499004461452595
31.780589770985014
27.27733663359455
25.50696567345733
34.23278449307717
34.23498693099913
31.257244612818866
33.2954024439715
16.098527169284218
29.27629703154767
14.049794737486042
10.617274981177005
27.77861943159614
35.59767656860517
28.25884513693791
31.496272953457815
30.1781873853655
7.459116964631345
27.972943843551164
16.450030944706437
6.863323054932658
13.018037703225719
9.950771430040467
15.268043836968461
12.421301705616822
34.10454584967874
22.98034898453324
30.521940669514823
32.31793112651377
13.641065602485183
9.95935603215827
28.062200150120233
35.52804995439273
17.35166636487414
29.189902644867658
11.527122978926359
32.656963645196576
42.29829690985021
35.23677524141941
7.979339660667184
26.00370183883286
12.253723494709481
27.38852617911213
6.656263353293053
11.376496463286946
30.637846165000674
24.163429853663555
12.684453734888605
8.280356803253937
31.804787785475693
8.088044129192815
29.830542982289696
11.404345950186922
1.3899221612951287
31.154215820472263
30.780741360949637
10.735953700680556
11.446204390283913
28.879116765874983
4.932201881802699
32.44971603083675
6.500114670693447
28.30678635331076
26.435170651492626
19.213145425709044
11.121564791775404
34.14200082821892
18.384327082067493
35.71974510315309
7.114583020974422
14.081283075118133
13.946874156895205
4.406597038745508
31.57688585064458
10.824666299974696
6.414189525407357
23.78332594563857
9.763027648346204
33.15485555901867
30.832622282917757
9.881959870488183
28.377055759333434
4.86952570216306
32.5378799965631
28.706430654911035
13.528001978378274
11.749692302718524
32.02975460142836
35.8624202809998
26.194043671029828
31.142639740113328
11.091965401280484
30.231744874818276
16.558412727355503
36.388065341362164
12.969511895664407
35.29624284489018
7.041006129497509
5.302481759512065
24.025307234407244
18.607551336713886
10.968702932114962
34.44239474032561
31.26689039400423
13.282014498021404
5.800107490870565
30.524360962268737
27.970468776460297
28.052835436766298
3.6380634548584947
5.926378332385656
29.71181243960884
37.23280006603677
13.507723970258603
12.4811083773543
34.014570492949545
13.08115331781738
30.865318306089172
13.107901731208003
27.73204840659319
30.750311178864774
5.029699844598977
31.430704747022116
0.6893638351337721
5.970582173236872
26.390709247016233
11.35166802001763
10.002364137796906
11.971889272654394
11.770552303642628
12.045033245366128
24.487092492469422
4.84952499397659
33.39731629425777
24.965714967277727
27.44695439183821
32.502366350098924
28.048864609687314
29.250767287357053
34.23040135302074
11.604133586379081
32.9690055453211
6.559908692469404
10.098832839589889
29.466411611435827
25.376441945243528
31.089617623662026
35.867994977418775
11.61865639116785
22.491409126990032
4.501937462748318
40.221115922800365
25.983040710088424
10.604556394939651
16.812284324572367
7.6764571065038885
15.22744929812699
26.40481406505748
10.711738506721343
34.48673967449605
29.19815815926876
4.214519902361639
29.94442635474452
2.2994839718674545
13.82758664003595
36.42199449944622
16.64449992103784
7.769006587995549
23.928210610958686
5.2389309606303165
36.166815508295024
29.949787141305332
28.885022628522137
9.824817721765045
28.16074599330242
24.92743165885752
25.72930460353936
14.489939508541717
29.247011223980802
27.733891902346436
5.214025457682581
1.6255599509014456
31.361541948180935
12.108187693851296
29.778296701550556
8.31124914207087
4.370678181063138
38.517460686878344
14.268434552300779
16.123793065100386
35.65206992612607
19.799051977754566
34.062915484303026
32.72722605098514
1.6001627695295078
31.77509919978818
7.8889670623875645
5.85498700983549
22.035461142131
-2.3868832933519535
2.3653700388362155
8.297165708529636
6.440449730771855
8.032030131878562
9.77674794891701
11.00628343579679
29.898038701472068
4.078273513734643
28.08679672702157
19.875010042999527
6.119914525227852
7.623217696094963
13.538136481961903
32.59190144107628
29.44880283993422
28.394169712246143
27.273287999508312
34.923228609389795
9.565158323044622
30.447631136177396
29.46096714334742
29.701019924401383
5.547009484548688
1.9719256067950397
38.396841840330545
23.130876126758086
23.415252092951324
24.374729651968057
26.47956280623687
1.9291597664531857
20.445931360240543
15.035838293384698
26.062672682723807
30.808056427820457
26.851667143767717
45.11772495130924
14.542699277186657
15.901871803269538
17.898775037898016
27.423533636231593
18.828460954139064
10.174159851370518
-1.831139512422773
3.54808705370636
30.79383292555454
17.335162511378464
25.11189987813942
13.984768059384322
28.262372460167235
0.5786602456714114
31.24022273412078
33.18357669428262
9.406369874998765
17.706043427127305
33.50278297899614
36.32981114068575
37.29046601504399
13.953704724408547
30.293044409467118
32.907220503137545
26.093757147361327
13.001030615541392
2.3776210166044525
19.294138843777127
28.72460530654368
16.111213688038507
2.6622772384313995
4.111137256759711
29.67539804233131
16.974210886282034
1.7205945758605559
27.581038590450486
9.235906357606376
14.219161995376808
27.911540677896216
2.470905050282955
29.421905692155793
34.101457416028715
26.24472352094793
31.82610948036779
32.1329101877146
13.978039218556155
21.10252407082801
1.0178020385005002
27.12977763556794
13.35339615268129
13.315051686903935
10.303958367008129
6.914766419120507
9.899200482346055
35.98443343053965
5.459745236888923
27.099561869263887
18.285240747499063
8.719087160126957
12.345623647963478
31.57163714669634
9.24273452936786
35.10128183674059
15.847623974678708
28.137106772141312
24.486699562833955
29.696107296089703
33.70264516791742
32.9047455306447
32.797724577886385
35.819287290705354
32.357924183602826
36.19250231812444
12.102425256554351
31.184557731273188
32.90610002251256
33.46494933729089
24.158776103622156
9.080732733084188
35.08682663931448
7.0113206178772
8.464765306721748
28.36575175073887
34.55721335571718
31.007084118700313
8.704141327596378
27.379868249233198
25.407639788046865
28.078355458653544
20.526556262776573
6.78207390786878
6.238891097564569
27.000406563976405
11.439745696948194
12.930399760596526
-4.130583223466999
-4.041697469660557
28.044537973778006
7.075414387372367
24.499496760233612
21.562592517854135
6.769529075695779
24.011856322172186
12.349094611075108
26.58144654807229
31.317615959366982
29.993173848133747
34.560850771345905
30.371512547041405
26.83551681250921
10.589739572250933
5.791647286870222
13.144394781726485
36.139555108857735
25.58711598609889
31.204902775833713
9.693031485381153
10.58235316960889
27.157637005988512
13.806628171829502
12.459670135391635
31.710526084834395
27.542574080337847
15.579475627057608
30.030057631208884
32.75889288952588
5.207670553831388
15.896074362348513
33.42098247829681
5.76477422862168
15.884043466221485
8.067486863293647
22.356294722166226
28.03218030406556
24.403024592561593
34.183179363194334
8.01305655045609
29.074960874442073
9.985638560330964
23.36723477868862
11.319681914141817
30.931773198591884
28.789372494935694
2.0685794542429132
9.423179319989181
17.26077422183983
4.476930996257335
22.535228827380898
25.51811553712395
18.974120255458494
16.679696610631694
26.16944352241103
8.07202020772154
15.817663439352337
24.928935829524264
27.144140187025112
12.76561569384957
26.78243620925335
10.024229109488028
28.193479313338834
37.88873750420896
11.426215701516911
5.487948256640637
30.86436397138381
31.70936980224592
32.96190158793563
12.292247497697584
23.181061409646215
-3.1600602768909916
27.606164276168247
34.93988260649742
9.626390131024321
11.402508584765146
33.493781793790646
23.641641514499888
26.790634634714156
26.690448608218887
6.449142960903075
29.064543452042766
35.199784787077895
31.082622707619453
21.350843880312453
30.93677375337042
8.532396457679004
9.22225836815115
32.8404419903255
31.494299398121694
32.97677459754953
27.157277927320507
9.465117131187611
10.308519368431583
11.251938620069366
13.599821331189467
30.637860191870278
27.693351813803353
12.132627572374117
28.029236973680092
31.552904723094624
33.48015947603201
8.448838957533262
26.445299256284606
10.706772890712982
9.132777052519069
31.248366517409476
11.196143756402684
28.54408017792789
7.875125739067014
27.70952238183366
31.112465725950486
11.245509813984356
14.068056796110309
32.01807270335491
13.014087101342536
6.993502835761506
29.759586412205916
36.15388132231287
30.665267728234213
31.65331629565403
27.32975593404437
6.255515132849224
24.174596610020586
16.13494863040772
8.609711776651203
0.8762671301102039
10.784013495131788
11.175888891525286
30.53865732718598
29.043604976312203
31.592276790729308
16.291954539703983
29.238459297434815
12.935262510670361
24.489074102072355
5.863819956685082
15.839918389262376
30.98787507270434
31.459952150185693
26.760258034903686
14.733162956499417
36.74660856974498
11.576342480707758
28.261617057561633
31.297109658565226
28.774835241555046
22.015540949143652
29.487848398950906
29.005127550961745
16.777003493016615
9.523172610993782
0.39903117222133844
12.012174450795921
-0.30526809019949397
28.275941775170928
8.552324366374114
26.819593152663135
31.900780509583228
11.622372130009094
20.33856299327063
8.123321040668596
9.082338883256718
24.448491088702898
11.328342816310325
10.817310489084916
13.075030719554247
7.27734679887575
26.776503676650155
29.851700971233342
28.605803663544553
36.986259369882646
28.838986274688725
33.444376818101546
33.03642445573349
12.570190650403939
23.3558394005322
8.105642692095229
16.628552039320507
23.56820075103438
7.191110442301759
2.9120120907349643
20.502930715708516
26.76900800246157
36.82275151047543
26.684885533188393
31.71696043863561
29.870179415733503
4.913522472612381
36.46479236572518
30.32337664531954
17.32795079153844
1.2175715895261057
15.580017386406725
36.101140101574295
5.204380087415476
26.286755724908595
24.363940041328956
32.547453641513506
14.55010627982367
33.583330624758965
15.709973266249005
16.48527473121468
32.5508416249061
21.26855764388393
32.77569510464628
12.085540526314743
30.948822723251137
14.618185984636987
38.09138544601633
22.51605081391265
30.7202833188477
32.28720648705858
1.799996596155479
31.442016590872335
3.741173180468187
30.001389561724082
16.57907028703659
10.27525422368999
4.1557039156038975
31.088224332573148
35.82057034482956
11.264441210077283
9.4378615081633
29.23701325665259
4.31548648548247
23.496619371259403
32.47508984870423
11.004451446402099
26.377758300764867
21.318381572698115
13.79633175710243
16.697968596580385
29.1921936304335
30.35931393303382
12.973895558763267
7.609718746154238
8.708139250732632
10.483032949079602
28.030522254321745
9.097707604029711
15.718378036741798
9.232250107973226
26.540358680971096
24.603646435648272
24.069052942138825
30.080742347354008
30.932518076321685
24.87786281194632
13.22152069901767
1.8981626365431712
30.244097103953237
26.434687534414895
31.615886302744887
15.471933897463252
9.18643120522247
29.669660536755146
18.72463862058274
31.018290097347638
12.816141970254062
29.546876100594094
19.074281513480564
7.76448847381527
30.24626515411582
36.05640678191527
15.18112154989583
6.586514217918404
12.564649619511409
13.678776597034568
13.151643582021986
15.625401332406685
31.543202243536992
29.74985548469754
10.111436773069334
32.95707496186768
30.50676968058613
3.589037661676299
34.88099988676196
26.760603590810316
14.482798830073019
33.71677848755638
0.7356243100465836
10.830711692485792
9.587286134819088
11.22626920278726
29.43054803902942
1.2560702288101098
32.44799885230916
30.082762394787835
27.720771221357534
29.123719581007396
22.868370005173308
16.41400411179306
12.367437816065701
28.44173922778354
31.972272244370732
13.58370414932941
10.136265397699866
2.1235742805197146
7.960414283505525
33.47945063831282
29.214730832252314
10.536392466590863
11.383764043917328
2.2537683530129984
4.006591422799906
14.279128024502633
7.501826438925616
6.1040375046810045
14.047042831388955
32.947940232957684
10.810755299113056
11.960385138875752
7.138310192982608
15.523255929052905
9.064843860834547
24.05147459070971
14.280488712149781
26.267996164762042
27.187407351335192
15.760604417600444
18.339135335864572
24.591009309380215
28.46722869037755
-0.16727439767777597
13.78067257332735
9.443713638267688
19.70933227524059
23.087098557487643
7.4158599872024915
12.395706042846886
34.00095172886476
28.977382007416917
34.87307320134973
10.804157523783866
31.648751601661225
30.23766220229857
33.372919793809125
6.45281414991435
12.518851416624512
26.666478703656892
2.9757694614168333
22.230931949051584
27.581502136938546
31.573051043538307
15.278160626924397
11.343703919540221
9.114543519848183
11.263533456734084
18.25202527099249
27.152565348739813
26.920982053835036
28.788851127891405
26.706030294204357
29.92664337764275
33.21630006979989
19.232066961163973
29.485015461767812
5.142134029921692
27.520003264882238
37.16166828969994
30.66464907957692
10.15198850190586
2.6187935466333148
26.20621676384497
-1.0416071808182288
33.16484675448505
6.169453474690881
36.49642892484177
26.073553707344963
30.193248706391273
7.354183276599568
26.667214414606427
14.823780925622522
14.536625802750383
7.09861944987441
26.607498059076306
24.19309721501617
10.13615509196046
24.675040432106897
7.378704819095875
